25
1 19
9 5
3 15
18 5
0 3
17 19
3 1
5 16
10 16
10 16
17 13
23 15
0 23
21 1
5 13
6 23
10 12
0 14
20 20
0 10
15 21
13 20
17 6
19 7
20 13
14 0
3 9
11 24
5 3
20 10
3 10
12 13
22 9
14 18
22 8
6 20
4 21
20 20
8 19
23 17
3 2
17 7
14 16
3 15
5 2
5 16
7 15
7 10
3 8
23 16
22 4
13 10
1 17
18 18
2 0
15 13
22 16
5 0
11 24
10 7
15 13
7 4
7 0
13 8
9 23
2 4
19 19
7 0
6 9
24 1
4 6
21 4
4 8
6 21
2 8
8 8
0 13
9 3
17 7
14 7
7 1
14 5
7 18
16 1
23 18
9 2
12 0
1 23
12 18
5 5
16 1
11 5
16 5
0 17
14 9
13 19
2 15
20 9
12 5
3 0
0 11
10 22
0 9
15 20
6 19
22 8
18 16
23 1
5 12
13 0
6 12
15 1
2 13
24 3
15 23
7 24
19 3
23 2
18 16
11 3
3 21
12 22
8 17
3 19
2 2
3 8
5 6
4 4
1 15
0 13
15 20
0 9
23 13
20 12
9 7
6 9
1 14
19 13
5 17
6 8
24 6
22 21
4 6
1 2
24 5
11 19
22 9
24 19
0 10
18 4
5 6
8 15
11 7
14 13
14 21
7 0
9 0
5 5
15 7
13 4
22 12
11 4
7 11
1 6
18 6
9 24
11 18
6 4
24 6
9 8
4 1
11 5
11 0
7 0
22 14
13 9
4 5
20 8
3 0
15 10
23 15
23 4
22 14
23 8
0 5
20 14
8 6
13 3
17 7
15 6
21 14
13 0
11 4
12 19
0 10
13 6
10 23
6 10
8 1
21 14
20 3
18 21
24 1
19 17
23 1
21 9
16 7
6 12
3 5
22 9
22 20
19 19
21 11
2 17
7 1
12 9
22 3
6 19
2 8
13 0
5 17
7 22
6 2
12 20
5 9
17 13
12 12
4 20
11 22
4 12
23 7
24 3
5 14
11 14
10 21
14 20
2 20
23 23
23 19
3 0
16 17
8 9
15 6
13 9
15 11
7 4
9 10
17 2
16 16
6 24
6 15
20 23
14 14
7 2
5 10
9 17
14 9
9 24
16 17
4 5
13 5
18 8
22 13
9 8
0 6
23 13
24 9
19 24
6 11
10 8
16 19
21 12
4 10
4 4
5 10
4 18
17 21
18 14
16 1
16 1
24 0
21 19
22 13
20 0
7 6
12 6
13 5
20 10
11 19
5 19
6 7
9 12
14 5
13 10
4 0
19 24
9 11
7 19
4 20
16 1
1 3
20 24
21 2
2 2
20 17
20 4
7 21
5 20
8 18
11 1
6 9
17 10
18 10
24 21
7 11
9 5
1 10
20 2
7 17
20 11
14 7
9 9
2 6
0 3
1 22
0 18
24 11
18 9
12 11
22 14
18 10
7 21
23 2
11 22
21 12
3 8
11 2
22 8
20 19
19 0
0 13
15 23
0 4
13 0
10 21
22 17
19 0
4 21
6 19
13 11
13 3
20 8
2 2
13 21
16 17
23 13
9 7
14 21
5 17
4 1
21 2
1 22
24 16
10 4
1 5
21 5
19 12
10 12
3 19
17 21
10 13
5 4
8 8
16 5
4 5
14 12
8 16
23 5
12 4
6 21
19 18
3 8
18 18
22 23
16 24
21 6
5 2
15 11
17 7
23 21
16 17
3 2
11 12
11 24
9 1
6 1
16 3
20 1
21 3
9 4
3 23
20 16
3 22
12 2
17 16
17 19
21 12
8 18
0 1
1 6
3 12
1 14
9 16
8 20
14 16
9 24
5 15
23 0
23 17
5 7
21 1
18 9
14 18
22 14
15 24
2 21
15 6
11 7
21 17
7 0
19 20
11 21
3 6
18 17
11 3
15 24
5 11
1 15
16 19
17 17
11 14
9 8
14 13
5 24
20 17
17 19
9 24
1 0
1 16
1 19
7 0
9 18
8 12
1 14
8 8
5 18
20 24
13 20
23 20
20 7
22 0
4 23
10 21
2 13
10 12
12 12
0 4
24 17
1 15
23 2
22 21
6 0
10 18
4 23
21 21
0 2
8 7
5 23
3 23
5 1
19 1
19 22
3 20
19 8
17 9
0 9
11 5
8 0
10 19
19 15
19 12
22 14
3 6
24 7
14 14
7 8
22 12
4 22
2 18
3 23
16 24
16 6
14 0
19 17
14 23
14 14
20 10
6 24
5 14
12 20
20 23
4 16
4 2
6 16
20 24
12 9
18 21
6 3
22 7
0 24
4 5
0 22
14 22
10 17
16 10
7 6
8 2
14 19
14 7
6 18
23 4
0 4
21 19
3 3
8 22
14 17
6 7
1 19
11 15
7 18
16 22
5 8
3 7
20 5
21 16
2 4
17 5
16 23
12 17
18 0
14 21
20 19
3 21
22 11
17 19
12 8
15 17
 